Dynamical matrix file
                                                                           
  1    4  0  6.2464249  0.0000000  0.0000000  0.0000000  0.0000000  0.0000000
Basis vectors
      1.000000000    0.000000000    0.000000000
      0.000000000    1.395973545    0.000000000
      0.000000000    0.000000000    6.711099855
           1  'P   '    28230.8552091869     
    1    1      0.5000000000      1.2725434099      3.0363525217
    2    1      0.5000000000      0.1234301352      3.6747473333
    3    1      1.0000000000      0.8214168301      3.0363525203
    4    1      1.0000000000      0.5745567150      3.6747473347

     Dynamical  Matrix in cartesian axes

     q = (    0.250000000   0.238781984   0.000000000 ) 

    1    1
  0.25537919  0.00000000   -0.00080793  0.01163090   -0.00138394  0.01203091
 -0.00080793 -0.01163090    0.22186365  0.00000000    0.02448412  0.00067191
 -0.00138394 -0.01203091    0.02448412 -0.00067191    0.20387840  0.00000000
    1    2
  0.01046211 -0.02004616    0.00080891  0.00465925    0.00180404 -0.00348393
  0.00080891  0.00465925    0.00673062 -0.01135464    0.01130157 -0.02070623
  0.00180404 -0.00348393    0.01130157 -0.02070623    0.08213767 -0.13777196
    1    3
 -0.08745402  0.08628915    0.06345081  0.06313312   -0.01745095 -0.01618997
  0.06345138  0.06313337   -0.09113058  0.08722681    0.01032834 -0.00855748
  0.01745112  0.01619021   -0.01032957  0.00855716   -0.02660978  0.03761124
    1    4
 -0.00591875 -0.00158602    0.02116968  0.00986167    0.01428591 -0.00489900
  0.02326439  0.00204450   -0.01045589 -0.00280168   -0.00415705 -0.00914556
 -0.00992215 -0.01138560    0.00817054 -0.00584231    0.00525364  0.00140768
    2    1
  0.01046211  0.02004616    0.00080891 -0.00465925    0.00180404  0.00348393
  0.00080891 -0.00465925    0.00673062  0.01135464    0.01130157  0.02070623
  0.00180404  0.00348393    0.01130157  0.02070623    0.08213767  0.13777196
    2    2
  0.25537919  0.00000000   -0.00080793 -0.01163090   -0.00138394 -0.01203091
 -0.00080793  0.01163090    0.22186365  0.00000000    0.02448412 -0.00067191
 -0.00138394  0.01203091    0.02448412  0.00067191    0.20387840  0.00000000
    2    3
  0.00158602  0.00591875   -0.00986167 -0.02116968    0.00489900 -0.01428591
 -0.00204450 -0.02326439    0.00280168  0.01045589    0.00914556  0.00415705
  0.01138560  0.00992215    0.00584231 -0.00817054   -0.00140768 -0.00525364
    2    4
 -0.08628915  0.08745402   -0.06313312 -0.06345081    0.01618997  0.01745095
 -0.06313337 -0.06345138   -0.08722681  0.09113058    0.00855748 -0.01032834
 -0.01619021 -0.01745112   -0.00855716  0.01032957   -0.03761124  0.02660978
    3    1
 -0.08745402 -0.08628915    0.06345138 -0.06313337    0.01745112 -0.01619021
  0.06345081 -0.06313312   -0.09113058 -0.08722681   -0.01032957 -0.00855716
 -0.01745095  0.01618997    0.01032834  0.00855748   -0.02660978 -0.03761124
    3    2
  0.00158602 -0.00591875   -0.00204450  0.02326439    0.01138560 -0.00992215
 -0.00986167  0.02116968    0.00280168 -0.01045589    0.00584231  0.00817054
  0.00489900  0.01428591    0.00914556 -0.00415705   -0.00140768  0.00525364
    3    3
  0.25538667  0.00000000   -0.00080810 -0.01163044    0.00138389  0.01203068
 -0.00080810  0.01163044    0.22183549  0.00000000   -0.02448514  0.00067173
  0.00138389 -0.01203068   -0.02448514 -0.00067173    0.20388508  0.00000000
    3    4
 -0.02259542 -0.00096407    0.00363056  0.00302975    0.00391956  0.00017969
  0.00363056  0.00302975   -0.01319616  0.00015325    0.02358191  0.00056535
  0.00391956  0.00017969    0.02358191  0.00056535   -0.16038511  0.00224652
    4    1
 -0.00591875  0.00158602    0.02326439 -0.00204450   -0.00992215  0.01138560
  0.02116968 -0.00986167   -0.01045589  0.00280168    0.00817054  0.00584231
  0.01428591  0.00489900   -0.00415705  0.00914556    0.00525364 -0.00140768
    4    2
 -0.08628915 -0.08745402   -0.06313337  0.06345138   -0.01619021  0.01745112
 -0.06313312  0.06345081   -0.08722681 -0.09113058   -0.00855716 -0.01032957
  0.01618997 -0.01745095    0.00855748  0.01032834   -0.03761124 -0.02660978
    4    3
 -0.02259542  0.00096407    0.00363056 -0.00302975    0.00391956 -0.00017969
  0.00363056 -0.00302975   -0.01319616 -0.00015325    0.02358191 -0.00056535
  0.00391956 -0.00017969    0.02358191 -0.00056535   -0.16038511 -0.00224652
    4    4
  0.25538667  0.00000000   -0.00080810  0.01163044    0.00138389 -0.01203068
 -0.00080810 -0.01163044    0.22183549  0.00000000   -0.02448514 -0.00067173
  0.00138389  0.01203068   -0.02448514  0.00067173    0.20388508  0.00000000

     Dynamical  Matrix in cartesian axes

     q = (    0.250000000  -0.238781984   0.000000000 ) 

    1    1
  0.25537919  0.00000000    0.00080793  0.01163090    0.00138394  0.01203091
  0.00080793 -0.01163090    0.22186365  0.00000000    0.02448412 -0.00067191
  0.00138394 -0.01203091    0.02448412  0.00067191    0.20387840  0.00000000
    1    2
  0.01046211  0.02004616   -0.00080891  0.00465925   -0.00180404 -0.00348393
 -0.00080891  0.00465925    0.00673062  0.01135464    0.01130157  0.02070623
 -0.00180404 -0.00348393    0.01130157  0.02070623    0.08213767  0.13777196
    1    3
 -0.08628915  0.08745402    0.06313312  0.06345081   -0.01618997 -0.01745095
  0.06313337  0.06345138   -0.08722681  0.09113058    0.00855748 -0.01032834
  0.01619021  0.01745112   -0.00855716  0.01032957   -0.03761124  0.02660978
    1    4
  0.00158602  0.00591875    0.00986167  0.02116968   -0.00489900  0.01428591
  0.00204450  0.02326439    0.00280168  0.01045589    0.00914556  0.00415705
 -0.01138560 -0.00992215    0.00584231 -0.00817054   -0.00140768 -0.00525364
    2    1
  0.01046211 -0.02004616   -0.00080891 -0.00465925   -0.00180404  0.00348393
 -0.00080891 -0.00465925    0.00673062 -0.01135464    0.01130157 -0.02070623
 -0.00180404  0.00348393    0.01130157 -0.02070623    0.08213767 -0.13777196
    2    2
  0.25537919  0.00000000    0.00080793 -0.01163090    0.00138394 -0.01203091
  0.00080793  0.01163090    0.22186365  0.00000000    0.02448412  0.00067191
  0.00138394  0.01203091    0.02448412 -0.00067191    0.20387840  0.00000000
    2    3
 -0.00591875 -0.00158602   -0.02116968 -0.00986167   -0.01428591  0.00489900
 -0.02326439 -0.00204450   -0.01045589 -0.00280168   -0.00415705 -0.00914556
  0.00992215  0.01138560    0.00817054 -0.00584231    0.00525364  0.00140768
    2    4
 -0.08745402  0.08628915   -0.06345081 -0.06313312    0.01745095  0.01618997
 -0.06345138 -0.06313337   -0.09113058  0.08722681    0.01032834 -0.00855748
 -0.01745112 -0.01619021   -0.01032957  0.00855716   -0.02660978  0.03761124
    3    1
 -0.08628915 -0.08745402    0.06313337 -0.06345138    0.01619021 -0.01745112
  0.06313312 -0.06345081   -0.08722681 -0.09113058   -0.00855716 -0.01032957
 -0.01618997  0.01745095    0.00855748  0.01032834   -0.03761124 -0.02660978
    3    2
 -0.00591875  0.00158602   -0.02326439  0.00204450    0.00992215 -0.01138560
 -0.02116968  0.00986167   -0.01045589  0.00280168    0.00817054  0.00584231
 -0.01428591 -0.00489900   -0.00415705  0.00914556    0.00525364 -0.00140768
    3    3
  0.25538667  0.00000000    0.00080810 -0.01163044   -0.00138389  0.01203068
  0.00080810  0.01163044    0.22183549  0.00000000   -0.02448514 -0.00067173
 -0.00138389 -0.01203068   -0.02448514  0.00067173    0.20388508  0.00000000
    3    4
 -0.02259542  0.00096407   -0.00363056  0.00302975   -0.00391956  0.00017969
 -0.00363056  0.00302975   -0.01319616 -0.00015325    0.02358191 -0.00056535
 -0.00391956  0.00017969    0.02358191 -0.00056535   -0.16038511 -0.00224652
    4    1
  0.00158602 -0.00591875    0.00204450 -0.02326439   -0.01138560  0.00992215
  0.00986167 -0.02116968    0.00280168 -0.01045589    0.00584231  0.00817054
 -0.00489900 -0.01428591    0.00914556 -0.00415705   -0.00140768  0.00525364
    4    2
 -0.08745402 -0.08628915   -0.06345138  0.06313337   -0.01745112  0.01619021
 -0.06345081  0.06313312   -0.09113058 -0.08722681   -0.01032957 -0.00855716
  0.01745095 -0.01618997    0.01032834  0.00855748   -0.02660978 -0.03761124
    4    3
 -0.02259542 -0.00096407   -0.00363056 -0.00302975   -0.00391956 -0.00017969
 -0.00363056 -0.00302975   -0.01319616  0.00015325    0.02358191  0.00056535
 -0.00391956 -0.00017969    0.02358191  0.00056535   -0.16038511  0.00224652
    4    4
  0.25538667  0.00000000    0.00080810  0.01163044   -0.00138389 -0.01203068
  0.00080810 -0.01163044    0.22183549  0.00000000   -0.02448514  0.00067173
 -0.00138389  0.01203068   -0.02448514 -0.00067173    0.20388508  0.00000000

     Dynamical  Matrix in cartesian axes

     q = (   -0.250000000  -0.238781984   0.000000000 ) 

    1    1
  0.25537919  0.00000000   -0.00080793 -0.01163090   -0.00138394 -0.01203091
 -0.00080793  0.01163090    0.22186365  0.00000000    0.02448412 -0.00067191
 -0.00138394  0.01203091    0.02448412  0.00067191    0.20387840  0.00000000
    1    2
  0.01046211  0.02004616    0.00080891 -0.00465925    0.00180404  0.00348393
  0.00080891 -0.00465925    0.00673062  0.01135464    0.01130157  0.02070623
  0.00180404  0.00348393    0.01130157  0.02070623    0.08213767  0.13777196
    1    3
 -0.08745402 -0.08628915    0.06345081 -0.06313312   -0.01745095  0.01618997
  0.06345138 -0.06313337   -0.09113058 -0.08722681    0.01032834  0.00855748
  0.01745112 -0.01619021   -0.01032957 -0.00855716   -0.02660978 -0.03761124
    1    4
 -0.00591875  0.00158602    0.02116968 -0.00986167    0.01428591  0.00489900
  0.02326439 -0.00204450   -0.01045589  0.00280168   -0.00415705  0.00914556
 -0.00992215  0.01138560    0.00817054  0.00584231    0.00525364 -0.00140768
    2    1
  0.01046211 -0.02004616    0.00080891  0.00465925    0.00180404 -0.00348393
  0.00080891  0.00465925    0.00673062 -0.01135464    0.01130157 -0.02070623
  0.00180404 -0.00348393    0.01130157 -0.02070623    0.08213767 -0.13777196
    2    2
  0.25537919  0.00000000   -0.00080793  0.01163090   -0.00138394  0.01203091
 -0.00080793 -0.01163090    0.22186365  0.00000000    0.02448412  0.00067191
 -0.00138394 -0.01203091    0.02448412 -0.00067191    0.20387840  0.00000000
    2    3
  0.00158602 -0.00591875   -0.00986167  0.02116968    0.00489900  0.01428591
 -0.00204450  0.02326439    0.00280168 -0.01045589    0.00914556 -0.00415705
  0.01138560 -0.00992215    0.00584231  0.00817054   -0.00140768  0.00525364
    2    4
 -0.08628915 -0.08745402   -0.06313312  0.06345081    0.01618997 -0.01745095
 -0.06313337  0.06345138   -0.08722681 -0.09113058    0.00855748  0.01032834
 -0.01619021  0.01745112   -0.00855716 -0.01032957   -0.03761124 -0.02660978
    3    1
 -0.08745402  0.08628915    0.06345138  0.06313337    0.01745112  0.01619021
  0.06345081  0.06313312   -0.09113058  0.08722681   -0.01032957  0.00855716
 -0.01745095 -0.01618997    0.01032834 -0.00855748   -0.02660978  0.03761124
    3    2
  0.00158602  0.00591875   -0.00204450 -0.02326439    0.01138560  0.00992215
 -0.00986167 -0.02116968    0.00280168  0.01045589    0.00584231 -0.00817054
  0.00489900 -0.01428591    0.00914556  0.00415705   -0.00140768 -0.00525364
    3    3
  0.25538667  0.00000000   -0.00080810  0.01163044    0.00138389 -0.01203068
 -0.00080810 -0.01163044    0.22183549  0.00000000   -0.02448514 -0.00067173
  0.00138389  0.01203068   -0.02448514  0.00067173    0.20388508  0.00000000
    3    4
 -0.02259542  0.00096407    0.00363056 -0.00302975    0.00391956 -0.00017969
  0.00363056 -0.00302975   -0.01319616 -0.00015325    0.02358191 -0.00056535
  0.00391956 -0.00017969    0.02358191 -0.00056535   -0.16038511 -0.00224652
    4    1
 -0.00591875 -0.00158602    0.02326439  0.00204450   -0.00992215 -0.01138560
  0.02116968  0.00986167   -0.01045589 -0.00280168    0.00817054 -0.00584231
  0.01428591 -0.00489900   -0.00415705 -0.00914556    0.00525364  0.00140768
    4    2
 -0.08628915  0.08745402   -0.06313337 -0.06345138   -0.01619021 -0.01745112
 -0.06313312 -0.06345081   -0.08722681  0.09113058   -0.00855716  0.01032957
  0.01618997  0.01745095    0.00855748 -0.01032834   -0.03761124  0.02660978
    4    3
 -0.02259542 -0.00096407    0.00363056  0.00302975    0.00391956  0.00017969
  0.00363056  0.00302975   -0.01319616  0.00015325    0.02358191  0.00056535
  0.00391956  0.00017969    0.02358191  0.00056535   -0.16038511  0.00224652
    4    4
  0.25538667  0.00000000   -0.00080810 -0.01163044    0.00138389  0.01203068
 -0.00080810  0.01163044    0.22183549  0.00000000   -0.02448514  0.00067173
  0.00138389 -0.01203068   -0.02448514 -0.00067173    0.20388508  0.00000000

     Dynamical  Matrix in cartesian axes

     q = (   -0.250000000   0.238781984   0.000000000 ) 

    1    1
  0.25537919  0.00000000    0.00080793 -0.01163090    0.00138394 -0.01203091
  0.00080793  0.01163090    0.22186365  0.00000000    0.02448412  0.00067191
  0.00138394  0.01203091    0.02448412 -0.00067191    0.20387840  0.00000000
    1    2
  0.01046211 -0.02004616   -0.00080891 -0.00465925   -0.00180404  0.00348393
 -0.00080891 -0.00465925    0.00673062 -0.01135464    0.01130157 -0.02070623
 -0.00180404  0.00348393    0.01130157 -0.02070623    0.08213767 -0.13777196
    1    3
 -0.08628915 -0.08745402    0.06313312 -0.06345081   -0.01618997  0.01745095
  0.06313337 -0.06345138   -0.08722681 -0.09113058    0.00855748  0.01032834
  0.01619021 -0.01745112   -0.00855716 -0.01032957   -0.03761124 -0.02660978
    1    4
  0.00158602 -0.00591875    0.00986167 -0.02116968   -0.00489900 -0.01428591
  0.00204450 -0.02326439    0.00280168 -0.01045589    0.00914556 -0.00415705
 -0.01138560  0.00992215    0.00584231  0.00817054   -0.00140768  0.00525364
    2    1
  0.01046211  0.02004616   -0.00080891  0.00465925   -0.00180404 -0.00348393
 -0.00080891  0.00465925    0.00673062  0.01135464    0.01130157  0.02070623
 -0.00180404 -0.00348393    0.01130157  0.02070623    0.08213767  0.13777196
    2    2
  0.25537919  0.00000000    0.00080793  0.01163090    0.00138394  0.01203091
  0.00080793 -0.01163090    0.22186365  0.00000000    0.02448412 -0.00067191
  0.00138394 -0.01203091    0.02448412  0.00067191    0.20387840  0.00000000
    2    3
 -0.00591875  0.00158602   -0.02116968  0.00986167   -0.01428591 -0.00489900
 -0.02326439  0.00204450   -0.01045589  0.00280168   -0.00415705  0.00914556
  0.00992215 -0.01138560    0.00817054  0.00584231    0.00525364 -0.00140768
    2    4
 -0.08745402 -0.08628915   -0.06345081  0.06313312    0.01745095 -0.01618997
 -0.06345138  0.06313337   -0.09113058 -0.08722681    0.01032834  0.00855748
 -0.01745112  0.01619021   -0.01032957 -0.00855716   -0.02660978 -0.03761124
    3    1
 -0.08628915  0.08745402    0.06313337  0.06345138    0.01619021  0.01745112
  0.06313312  0.06345081   -0.08722681  0.09113058   -0.00855716  0.01032957
 -0.01618997 -0.01745095    0.00855748 -0.01032834   -0.03761124  0.02660978
    3    2
 -0.00591875 -0.00158602   -0.02326439 -0.00204450    0.00992215  0.01138560
 -0.02116968 -0.00986167   -0.01045589 -0.00280168    0.00817054 -0.00584231
 -0.01428591  0.00489900   -0.00415705 -0.00914556    0.00525364  0.00140768
    3    3
  0.25538667  0.00000000    0.00080810  0.01163044   -0.00138389 -0.01203068
  0.00080810 -0.01163044    0.22183549  0.00000000   -0.02448514  0.00067173
 -0.00138389  0.01203068   -0.02448514 -0.00067173    0.20388508  0.00000000
    3    4
 -0.02259542 -0.00096407   -0.00363056 -0.00302975   -0.00391956 -0.00017969
 -0.00363056 -0.00302975   -0.01319616  0.00015325    0.02358191  0.00056535
 -0.00391956 -0.00017969    0.02358191  0.00056535   -0.16038511  0.00224652
    4    1
  0.00158602  0.00591875    0.00204450  0.02326439   -0.01138560 -0.00992215
  0.00986167  0.02116968    0.00280168  0.01045589    0.00584231 -0.00817054
 -0.00489900  0.01428591    0.00914556  0.00415705   -0.00140768 -0.00525364
    4    2
 -0.08745402  0.08628915   -0.06345138 -0.06313337   -0.01745112 -0.01619021
 -0.06345081 -0.06313312   -0.09113058  0.08722681   -0.01032957  0.00855716
  0.01745095  0.01618997    0.01032834 -0.00855748   -0.02660978  0.03761124
    4    3
 -0.02259542  0.00096407   -0.00363056  0.00302975   -0.00391956  0.00017969
 -0.00363056  0.00302975   -0.01319616 -0.00015325    0.02358191 -0.00056535
 -0.00391956  0.00017969    0.02358191 -0.00056535   -0.16038511 -0.00224652
    4    4
  0.25538667  0.00000000    0.00080810 -0.01163044   -0.00138389  0.01203068
  0.00080810  0.01163044    0.22183549  0.00000000   -0.02448514 -0.00067173
 -0.00138389 -0.01203068   -0.02448514  0.00067173    0.20388508  0.00000000

     Diagonalizing the dynamical matrix

     q = (    0.250000000   0.238781984   0.000000000 ) 

 **************************************************************************
     freq (    1) =       2.588255 [THz] =      86.334906 [cm-1]
 (  0.071766  0.103462  0.037839  0.173896  0.434783  0.116665 ) 
 ( -0.078890 -0.098139 -0.156050 -0.085558  0.011299 -0.450021 ) 
 ( -0.115527  0.050853 -0.122479  0.128975  0.431304  0.127419 ) 
 ( -0.096385 -0.081501 -0.080919 -0.158391  0.449732  0.000000 ) 
     freq (    2) =       2.755496 [THz] =      91.913466 [cm-1]
 (  0.190058  0.057837 -0.365019  0.146802 -0.227664 -0.061280 ) 
 ( -0.131713 -0.148724  0.018493  0.392999  0.150499  0.181483 ) 
 (  0.177555 -0.088538 -0.384575 -0.083532  0.214999 -0.098447 ) 
 (  0.198297  0.006579 -0.314885  0.236057  0.236467  0.000000 ) 
     freq (    3) =       3.973848 [THz] =     132.553286 [cm-1]
 (  0.223836 -0.062522 -0.168975 -0.034586  0.393783  0.105540 ) 
 ( -0.009513 -0.232209  0.084984  0.150088 -0.221774 -0.342082 ) 
 (  0.226745  0.050914 -0.166996  0.043267 -0.387912  0.125682 ) 
 (  0.200013 -0.118323 -0.172202  0.010312 -0.407764  0.000000 ) 
     freq (    4) =       5.179459 [THz] =     172.768163 [cm-1]
 (  0.178847  0.166252  0.182384  0.330604 -0.211200 -0.056583 ) 
 ( -0.169143 -0.176115 -0.333531 -0.176975  0.060016  0.210250 ) 
 ( -0.213944  0.117799 -0.257189  0.276432 -0.218590  0.003561 ) 
 ( -0.215835 -0.114298 -0.261658 -0.272206 -0.218619  0.000000 ) 
     freq (    5) =       6.735794 [THz] =     224.681892 [cm-1]
 ( -0.372318  0.134721 -0.203652  0.156283  0.159645  0.042775 ) 
 ( -0.146608  0.367800 -0.162743  0.198528 -0.037626 -0.160936 ) 
 ( -0.317398 -0.236650 -0.149675 -0.208685 -0.165194 -0.005308 ) 
 ( -0.324834  0.226335 -0.156299  0.203771 -0.165279  0.000000 ) 
     freq (    6) =       7.389085 [THz] =     246.473353 [cm-1]
 (  0.401269  0.094924 -0.232197 -0.161221 -0.008059 -0.002112 ) 
 ( -0.186726  0.367642  0.026907 -0.281396  0.003593 -0.007517 ) 
 (  0.306920  0.275422 -0.264748 -0.098887  0.006349  0.005372 ) 
 ( -0.412204  0.012008  0.265982  0.095518 -0.008317  0.000000 ) 
     freq (    7) =      10.612716 [THz] =     354.002085 [cm-1]
 (  0.175662  0.033381 -0.259553  0.088945  0.364973  0.097784 ) 
 (  0.093316  0.152524 -0.008540 -0.274237  0.220477  0.306850 ) 
 ( -0.171460  0.050627  0.267087  0.062706  0.353438 -0.133549 ) 
 (  0.178287 -0.013246 -0.227681  0.153064 -0.377827  0.000000 ) 
     freq (    8) =      11.432145 [THz] =     381.335299 [cm-1]
 (  0.112459  0.234912  0.092047  0.256178 -0.317565 -0.085111 ) 
 (  0.187420  0.180844  0.214041  0.168185  0.019452 -0.328197 ) 
 (  0.223161 -0.134235  0.217872 -0.163190  0.311926  0.103735 ) 
 ( -0.169398 -0.197799 -0.155242 -0.223605 -0.328723  0.000000 ) 
     freq (    9) =      12.357677 [THz] =     412.207733 [cm-1]
 ( -0.067593  0.254961 -0.042044 -0.388964 -0.160074 -0.042868 ) 
 (  0.254638 -0.068802 -0.389159 -0.040199 -0.043627 -0.159869 ) 
 ( -0.000153 -0.263321 -0.138907  0.365984  0.165306 -0.000784 ) 
 ( -0.001096 -0.263319  0.140641  0.365321 -0.165307  0.000000 ) 
     freq (   10) =      12.410607 [THz] =     413.973304 [cm-1]
 ( -0.215470  0.143013 -0.351612  0.136079 -0.195300 -0.052325 ) 
 (  0.157735 -0.204939  0.160341 -0.341232 -0.038536 -0.198481 ) 
 (  0.157124  0.205968  0.288400  0.242412 -0.202095 -0.014171 ) 
 ( -0.171147  0.194472 -0.304650  0.221644  0.202591  0.000000 ) 
     freq (   11) =      12.957048 [THz] =     432.200584 [cm-1]
 ( -0.106405 -0.325333 -0.131426 -0.036945 -0.326365 -0.087397 ) 
 ( -0.298027 -0.168356 -0.010354 -0.136127 -0.021452 -0.337183 ) 
 ( -0.239551  0.244424 -0.134240 -0.025185  0.331417  0.066531 ) 
 (  0.186758  0.286791  0.136571  0.001729 -0.338029  0.000000 ) 
     freq (   12) =      13.025759 [THz] =     434.492568 [cm-1]
 ( -0.366455  0.128580  0.167272  0.064922  0.250072  0.066953 ) 
 ( -0.024145 -0.387607  0.124893  0.128828  0.158982  0.204312 ) 
 (  0.380772  0.076822 -0.156651  0.087226  0.238315 -0.100664 ) 
 ( -0.320872  0.218930  0.178246  0.019397 -0.258703  0.000000 ) 
 **************************************************************************
