Dynamical matrix file
                                                                           
  1    4  0  6.2464249  0.0000000  0.0000000  0.0000000  0.0000000  0.0000000
Basis vectors
      1.000000000    0.000000000    0.000000000
      0.000000000    1.395973545    0.000000000
      0.000000000    0.000000000    6.711099855
           1  'P   '    28230.8552091869     
    1    1      0.5000000000      1.2725434099      3.0363525217
    2    1      0.5000000000      0.1234301352      3.6747473333
    3    1      1.0000000000      0.8214168301      3.0363525203
    4    1      1.0000000000      0.5745567150      3.6747473347

     Dynamical  Matrix in cartesian axes

     q = (    0.250000000   0.000000000   0.000000000 ) 

    1    1
  0.25288184  0.00000000    0.00000000  0.01171674    0.00000000  0.00420463
  0.00000000 -0.01171674    0.22184895  0.00000000    0.02304305  0.00000000
  0.00000000 -0.00420463    0.02304305  0.00000000    0.19814419  0.00000000
    1    2
 -0.02498686  0.00000000    0.00000000  0.00239756    0.00000000 -0.01072307
  0.00000000  0.00239756   -0.01206392  0.00000000   -0.02454719  0.00000000
  0.00000000 -0.01072307   -0.02454719  0.00000000   -0.15935032  0.00000000
    1    3
 -0.08492331  0.08492331    0.06283100  0.06283100   -0.01423243 -0.01423243
  0.06283175  0.06283175   -0.09187075  0.09187075    0.00907239 -0.00907239
  0.01423269  0.01423269   -0.00907330  0.00907330   -0.02261693  0.02261693
    1    4
 -0.01106581  0.01106581    0.00532295  0.00532295   -0.01190295 -0.01190295
 -0.00532317 -0.00532317   -0.01445155  0.01445155   -0.00799030  0.00799030
 -0.01190291 -0.01190291    0.00798842 -0.00798842    0.01161929 -0.01161929
    2    1
 -0.02498686  0.00000000    0.00000000 -0.00239756    0.00000000  0.01072307
  0.00000000 -0.00239756   -0.01206392  0.00000000   -0.02454719  0.00000000
  0.00000000  0.01072307   -0.02454719  0.00000000   -0.15935032  0.00000000
    2    2
  0.25288184  0.00000000    0.00000000 -0.01171674    0.00000000 -0.00420463
  0.00000000  0.01171674    0.22184895  0.00000000    0.02304305  0.00000000
  0.00000000  0.00420463    0.02304305  0.00000000    0.19814419  0.00000000
    2    3
 -0.01106581  0.01106581   -0.00532295 -0.00532295    0.01190295  0.01190295
  0.00532317  0.00532317   -0.01445155  0.01445155   -0.00799030  0.00799030
  0.01190291  0.01190291    0.00798842 -0.00798842    0.01161929 -0.01161929
    2    4
 -0.08492331  0.08492331   -0.06283100 -0.06283100    0.01423243  0.01423243
 -0.06283175 -0.06283175   -0.09187075  0.09187075    0.00907239 -0.00907239
 -0.01423269 -0.01423269   -0.00907330  0.00907330   -0.02261693  0.02261693
    3    1
 -0.08492331 -0.08492331    0.06283175 -0.06283175    0.01423269 -0.01423269
  0.06283100 -0.06283100   -0.09187075 -0.09187075   -0.00907330 -0.00907330
 -0.01423243  0.01423243    0.00907239  0.00907239   -0.02261693 -0.02261693
    3    2
 -0.01106581 -0.01106581    0.00532317 -0.00532317    0.01190291 -0.01190291
 -0.00532295  0.00532295   -0.01445155 -0.01445155    0.00798842  0.00798842
  0.01190295 -0.01190295   -0.00799030 -0.00799030    0.01161929  0.01161929
    3    3
  0.25289024  0.00000000    0.00000000 -0.01171689    0.00000000  0.00420439
  0.00000000  0.01171689    0.22182140  0.00000000   -0.02304433  0.00000000
  0.00000000 -0.00420439   -0.02304433  0.00000000    0.19814965  0.00000000
    3    4
 -0.02499256  0.00000000    0.00000000 -0.00239715    0.00000000 -0.01072327
  0.00000000 -0.00239715   -0.01206006  0.00000000    0.02454617  0.00000000
  0.00000000 -0.01072327    0.02454617  0.00000000   -0.15935385  0.00000000
    4    1
 -0.01106581 -0.01106581   -0.00532317  0.00532317   -0.01190291  0.01190291
  0.00532295 -0.00532295   -0.01445155 -0.01445155    0.00798842  0.00798842
 -0.01190295  0.01190295   -0.00799030 -0.00799030    0.01161929  0.01161929
    4    2
 -0.08492331 -0.08492331   -0.06283175  0.06283175   -0.01423269  0.01423269
 -0.06283100  0.06283100   -0.09187075 -0.09187075   -0.00907330 -0.00907330
  0.01423243 -0.01423243    0.00907239  0.00907239   -0.02261693 -0.02261693
    4    3
 -0.02499256  0.00000000    0.00000000  0.00239715    0.00000000  0.01072327
  0.00000000  0.00239715   -0.01206006  0.00000000    0.02454617  0.00000000
  0.00000000  0.01072327    0.02454617  0.00000000   -0.15935385  0.00000000
    4    4
  0.25289024  0.00000000    0.00000000  0.01171689    0.00000000 -0.00420439
  0.00000000 -0.01171689    0.22182140  0.00000000   -0.02304433  0.00000000
  0.00000000  0.00420439   -0.02304433  0.00000000    0.19814965  0.00000000

     Dynamical  Matrix in cartesian axes

     q = (   -0.250000000   0.000000000   0.000000000 ) 

    1    1
  0.25288184  0.00000000    0.00000000 -0.01171674    0.00000000 -0.00420463
  0.00000000  0.01171674    0.22184895  0.00000000    0.02304305  0.00000000
  0.00000000  0.00420463    0.02304305  0.00000000    0.19814419  0.00000000
    1    2
 -0.02498686  0.00000000    0.00000000 -0.00239756    0.00000000  0.01072307
  0.00000000 -0.00239756   -0.01206392  0.00000000   -0.02454719  0.00000000
  0.00000000  0.01072307   -0.02454719  0.00000000   -0.15935032  0.00000000
    1    3
 -0.08492331 -0.08492331    0.06283100 -0.06283100   -0.01423243  0.01423243
  0.06283175 -0.06283175   -0.09187075 -0.09187075    0.00907239  0.00907239
  0.01423269 -0.01423269   -0.00907330 -0.00907330   -0.02261693 -0.02261693
    1    4
 -0.01106581 -0.01106581    0.00532295 -0.00532295   -0.01190295  0.01190295
 -0.00532317  0.00532317   -0.01445155 -0.01445155   -0.00799030 -0.00799030
 -0.01190291  0.01190291    0.00798842  0.00798842    0.01161929  0.01161929
    2    1
 -0.02498686  0.00000000    0.00000000  0.00239756    0.00000000 -0.01072307
  0.00000000  0.00239756   -0.01206392  0.00000000   -0.02454719  0.00000000
  0.00000000 -0.01072307   -0.02454719  0.00000000   -0.15935032  0.00000000
    2    2
  0.25288184  0.00000000    0.00000000  0.01171674    0.00000000  0.00420463
  0.00000000 -0.01171674    0.22184895  0.00000000    0.02304305  0.00000000
  0.00000000 -0.00420463    0.02304305  0.00000000    0.19814419  0.00000000
    2    3
 -0.01106581 -0.01106581   -0.00532295  0.00532295    0.01190295 -0.01190295
  0.00532317 -0.00532317   -0.01445155 -0.01445155   -0.00799030 -0.00799030
  0.01190291 -0.01190291    0.00798842  0.00798842    0.01161929  0.01161929
    2    4
 -0.08492331 -0.08492331   -0.06283100  0.06283100    0.01423243 -0.01423243
 -0.06283175  0.06283175   -0.09187075 -0.09187075    0.00907239  0.00907239
 -0.01423269  0.01423269   -0.00907330 -0.00907330   -0.02261693 -0.02261693
    3    1
 -0.08492331  0.08492331    0.06283175  0.06283175    0.01423269  0.01423269
  0.06283100  0.06283100   -0.09187075  0.09187075   -0.00907330  0.00907330
 -0.01423243 -0.01423243    0.00907239 -0.00907239   -0.02261693  0.02261693
    3    2
 -0.01106581  0.01106581    0.00532317  0.00532317    0.01190291  0.01190291
 -0.00532295 -0.00532295   -0.01445155  0.01445155    0.00798842 -0.00798842
  0.01190295  0.01190295   -0.00799030  0.00799030    0.01161929 -0.01161929
    3    3
  0.25289024  0.00000000    0.00000000  0.01171689    0.00000000 -0.00420439
  0.00000000 -0.01171689    0.22182140  0.00000000   -0.02304433  0.00000000
  0.00000000  0.00420439   -0.02304433  0.00000000    0.19814965  0.00000000
    3    4
 -0.02499256  0.00000000    0.00000000  0.00239715    0.00000000  0.01072327
  0.00000000  0.00239715   -0.01206006  0.00000000    0.02454617  0.00000000
  0.00000000  0.01072327    0.02454617  0.00000000   -0.15935385  0.00000000
    4    1
 -0.01106581  0.01106581   -0.00532317 -0.00532317   -0.01190291 -0.01190291
  0.00532295  0.00532295   -0.01445155  0.01445155    0.00798842 -0.00798842
 -0.01190295 -0.01190295   -0.00799030  0.00799030    0.01161929 -0.01161929
    4    2
 -0.08492331  0.08492331   -0.06283175 -0.06283175   -0.01423269 -0.01423269
 -0.06283100 -0.06283100   -0.09187075  0.09187075   -0.00907330  0.00907330
  0.01423243  0.01423243    0.00907239 -0.00907239   -0.02261693  0.02261693
    4    3
 -0.02499256  0.00000000    0.00000000 -0.00239715    0.00000000 -0.01072327
  0.00000000 -0.00239715   -0.01206006  0.00000000    0.02454617  0.00000000
  0.00000000 -0.01072327    0.02454617  0.00000000   -0.15935385  0.00000000
    4    4
  0.25289024  0.00000000    0.00000000 -0.01171689    0.00000000  0.00420439
  0.00000000  0.01171689    0.22182140  0.00000000   -0.02304433  0.00000000
  0.00000000 -0.00420439   -0.02304433  0.00000000    0.19814965  0.00000000

     Diagonalizing the dynamical matrix

     q = (    0.250000000   0.000000000   0.000000000 ) 

 **************************************************************************
     freq (    1) =       1.969236 [THz] =      65.686639 [cm-1]
 (  0.101947  0.101947  0.023994 -0.023994  0.337706 -0.337706 ) 
 ( -0.101947 -0.101947  0.023994 -0.023994  0.337706 -0.337706 ) 
 (  0.000000  0.144223 -0.033774 -0.000000  0.477525  0.000000 ) 
 (  0.000000 -0.144223 -0.033774 -0.000000  0.477525  0.000000 ) 
     freq (    2) =       2.819740 [THz] =      94.056389 [cm-1]
 ( -0.106279 -0.106279  0.313352 -0.313352  0.124486 -0.124486 ) 
 (  0.106279  0.106279  0.313352 -0.313352  0.124486 -0.124486 ) 
 (  0.000000  0.150218  0.443197 -0.000000 -0.176206 -0.000000 ) 
 ( -0.000000 -0.150218  0.443197 -0.000000 -0.176206  0.000000 ) 
     freq (    3) =       4.660100 [THz] =     155.444210 [cm-1]
 ( -0.012237 -0.012237  0.126904 -0.126904 -0.329763  0.329763 ) 
 (  0.012237  0.012237  0.126904 -0.126904 -0.329763  0.329763 ) 
 ( -0.000000  0.017298  0.179483 -0.000000  0.466359 -0.000000 ) 
 ( -0.000000 -0.017298  0.179483  0.000000  0.466359  0.000000 ) 
     freq (    4) =       5.145213 [THz] =     171.625827 [cm-1]
 (  0.335894  0.335894  0.100196 -0.100196 -0.046230  0.046230 ) 
 (  0.335894  0.335894 -0.100196  0.100196  0.046230 -0.046230 ) 
 (  0.000000  0.474973 -0.141855  0.000000 -0.065387  0.000000 ) 
 (  0.000000  0.474973  0.141855 -0.000000  0.065387  0.000000 ) 
     freq (    5) =       5.973466 [THz] =     199.253384 [cm-1]
 (  0.110965  0.110965 -0.335147  0.335147  0.018670 -0.018670 ) 
 (  0.110965  0.110965  0.335147 -0.335147 -0.018670  0.018670 ) 
 (  0.000000 -0.157102 -0.473975  0.000000 -0.026393  0.000000 ) 
 ( -0.000000 -0.157102  0.473975 -0.000000  0.026393  0.000000 ) 
     freq (    6) =       7.704170 [THz] =     256.983439 [cm-1]
 ( -0.313761 -0.313761 -0.125757  0.125757  0.103652 -0.103652 ) 
 (  0.313761  0.313761 -0.125757  0.125757  0.103652 -0.103652 ) 
 ( -0.000000 -0.443723  0.177797 -0.000000  0.146592 -0.000000 ) 
 (  0.000000  0.443723  0.177797 -0.000000  0.146592  0.000000 ) 
     freq (    7) =      10.125087 [THz] =     337.736536 [cm-1]
 ( -0.094102 -0.094102  0.182519 -0.182519 -0.287824  0.287824 ) 
 ( -0.094102 -0.094102 -0.182519  0.182519  0.287824 -0.287824 ) 
 (  0.000000 -0.133052 -0.258088  0.000000 -0.407020 -0.000000 ) 
 (  0.000000 -0.133052  0.258088 -0.000000  0.407020  0.000000 ) 
     freq (    8) =      11.989274 [THz] =     399.919120 [cm-1]
 ( -0.268786 -0.268786 -0.076942  0.076942  0.216437 -0.216437 ) 
 ( -0.268786 -0.268786  0.076942 -0.076942 -0.216437  0.216437 ) 
 ( -0.000000  0.380096 -0.108937  0.000000 -0.306003  0.000000 ) 
 (  0.000000  0.380096  0.108937  0.000000  0.306003  0.000000 ) 
     freq (    9) =      12.256970 [THz] =     408.848499 [cm-1]
 (  0.127197  0.127197 -0.329554  0.329554 -0.015013  0.015013 ) 
 ( -0.127197 -0.127197 -0.329554  0.329554 -0.015013  0.015013 ) 
 ( -0.000000  0.179647  0.466105  0.000000 -0.021250 -0.000000 ) 
 (  0.000000 -0.179647  0.466105  0.000000 -0.021250  0.000000 ) 
     freq (   10) =      12.509077 [THz] =     417.257904 [cm-1]
 (  0.057717  0.057717 -0.285750  0.285750 -0.200016  0.200016 ) 
 (  0.057717  0.057717  0.285750 -0.285750  0.200016 -0.200016 ) 
 (  0.000000  0.081704  0.404051  0.000000 -0.282996 -0.000000 ) 
 ( -0.000000  0.081704 -0.404051  0.000000  0.282996  0.000000 ) 
     freq (   11) =      12.669647 [THz] =     422.613935 [cm-1]
 ( -0.336952 -0.336952 -0.103487  0.103487 -0.027298  0.027298 ) 
 (  0.336952  0.336952 -0.103487  0.103487 -0.027298  0.027298 ) 
 ( -0.000000  0.476625 -0.146135 -0.000000  0.038596  0.000000 ) 
 (  0.000000 -0.476625 -0.146135 -0.000000  0.038596  0.000000 ) 
     freq (   12) =      12.779013 [THz] =     426.262004 [cm-1]
 (  0.201072  0.201072  0.082167 -0.082167  0.278962 -0.278962 ) 
 (  0.201072  0.201072 -0.082167  0.082167 -0.278962  0.278962 ) 
 ( -0.000000 -0.284373  0.116151  0.000000 -0.394511 -0.000000 ) 
 (  0.000000 -0.284373 -0.116151  0.000000  0.394511  0.000000 ) 
 **************************************************************************
