Dynamical matrix file
                                                                           
  1    4  0  6.2464249  0.0000000  0.0000000  0.0000000  0.0000000  0.0000000
Basis vectors
      1.000000000    0.000000000    0.000000000
      0.000000000    1.395973545    0.000000000
      0.000000000    0.000000000    6.711099855
           1  'P   '    28230.8552091869     
    1    1      0.5000000000      1.2725434099      3.0363525217
    2    1      0.5000000000      0.1234301352      3.6747473333
    3    1      1.0000000000      0.8214168301      3.0363525203
    4    1      1.0000000000      0.5745567150      3.6747473347

     Dynamical  Matrix in cartesian axes

     q = (    0.250000000  -0.358172977   0.000000000 ) 

    1    1
  0.25676263  0.00000000    0.00000000  0.01171963    0.00000000  0.01411344
  0.00000000 -0.01171963    0.22141018  0.00000000    0.02422400  0.00000000
  0.00000000 -0.01411344    0.02422400  0.00000000    0.20567967  0.00000000
    1    2
  0.02293227  0.00000000    0.00000000  0.00440877    0.00000000 -0.00303989
  0.00000000  0.00440877    0.01277005  0.00000000    0.02311300  0.00000000
  0.00000000 -0.00303989    0.02311300  0.00000000    0.16206439  0.00000000
    1    3
 -0.08684718  0.08684718    0.06334513  0.06334513   -0.01792819 -0.01792819
  0.06334571  0.06334571   -0.08818803  0.08818803    0.00934391 -0.00934391
  0.01792799  0.01792799   -0.00934402  0.00934402   -0.03498526  0.03498526
    1    4
 -0.00000085  0.00000085    0.01848097  0.01848097    0.01069438  0.01069438
  0.01848099  0.01848099   -0.00000026  0.00000026    0.00622798 -0.00622798
 -0.01069418 -0.01069418    0.00622787 -0.00622787    0.00000155 -0.00000155
    2    1
  0.02293227  0.00000000    0.00000000 -0.00440877    0.00000000  0.00303989
  0.00000000 -0.00440877    0.01277005  0.00000000    0.02311300  0.00000000
  0.00000000  0.00303989    0.02311300  0.00000000    0.16206439  0.00000000
    2    2
  0.25676263  0.00000000    0.00000000 -0.01171963    0.00000000 -0.01411344
  0.00000000  0.01171963    0.22141018  0.00000000    0.02422400  0.00000000
  0.00000000  0.01411344    0.02422400  0.00000000    0.20567967  0.00000000
    2    3
 -0.00000085  0.00000085   -0.01848097 -0.01848097   -0.01069438 -0.01069438
 -0.01848099 -0.01848099   -0.00000026  0.00000026    0.00622798 -0.00622798
  0.01069418  0.01069418    0.00622787 -0.00622787    0.00000155 -0.00000155
    2    4
 -0.08684718  0.08684718   -0.06334513 -0.06334513    0.01792819  0.01792819
 -0.06334571 -0.06334571   -0.08818803  0.08818803    0.00934391 -0.00934391
 -0.01792799 -0.01792799   -0.00934402  0.00934402   -0.03498526  0.03498526
    3    1
 -0.08684718 -0.08684718    0.06334571 -0.06334571    0.01792799 -0.01792799
  0.06334513 -0.06334513   -0.08818803 -0.08818803   -0.00934402 -0.00934402
 -0.01792819  0.01792819    0.00934391  0.00934391   -0.03498526 -0.03498526
    3    2
 -0.00000085 -0.00000085   -0.01848099  0.01848099    0.01069418 -0.01069418
 -0.01848097  0.01848097   -0.00000026 -0.00000026    0.00622787  0.00622787
 -0.01069438  0.01069438    0.00622798  0.00622798    0.00000155  0.00000155
    3    3
  0.25676609  0.00000000    0.00000000 -0.01171912    0.00000000  0.01411286
  0.00000000  0.01171912    0.22138358  0.00000000   -0.02422523  0.00000000
  0.00000000 -0.01411286   -0.02422523  0.00000000    0.20568496  0.00000000
    3    4
 -0.02293304  0.00000000    0.00000000  0.00440911    0.00000000  0.00304013
  0.00000000  0.00440911   -0.01276806  0.00000000    0.02311278  0.00000000
  0.00000000  0.00304013    0.02311278  0.00000000   -0.16206832  0.00000000
    4    1
 -0.00000085 -0.00000085    0.01848099 -0.01848099   -0.01069418  0.01069418
  0.01848097 -0.01848097   -0.00000026 -0.00000026    0.00622787  0.00622787
  0.01069438 -0.01069438    0.00622798  0.00622798    0.00000155  0.00000155
    4    2
 -0.08684718 -0.08684718   -0.06334571  0.06334571   -0.01792799  0.01792799
 -0.06334513  0.06334513   -0.08818803 -0.08818803   -0.00934402 -0.00934402
  0.01792819 -0.01792819    0.00934391  0.00934391   -0.03498526 -0.03498526
    4    3
 -0.02293304  0.00000000    0.00000000 -0.00440911    0.00000000 -0.00304013
  0.00000000 -0.00440911   -0.01276806  0.00000000    0.02311278  0.00000000
  0.00000000 -0.00304013    0.02311278  0.00000000   -0.16206832  0.00000000
    4    4
  0.25676609  0.00000000    0.00000000  0.01171912    0.00000000 -0.01411286
  0.00000000 -0.01171912    0.22138358  0.00000000   -0.02422523  0.00000000
  0.00000000  0.01411286   -0.02422523  0.00000000    0.20568496  0.00000000

     Dynamical  Matrix in cartesian axes

     q = (   -0.250000000   0.358172977   0.000000000 ) 

    1    1
  0.25676263  0.00000000    0.00000000 -0.01171963    0.00000000 -0.01411344
  0.00000000  0.01171963    0.22141018  0.00000000    0.02422400  0.00000000
  0.00000000  0.01411344    0.02422400  0.00000000    0.20567967  0.00000000
    1    2
  0.02293227  0.00000000    0.00000000 -0.00440877    0.00000000  0.00303989
  0.00000000 -0.00440877    0.01277005  0.00000000    0.02311300  0.00000000
  0.00000000  0.00303989    0.02311300  0.00000000    0.16206439  0.00000000
    1    3
 -0.08684718 -0.08684718    0.06334513 -0.06334513   -0.01792819  0.01792819
  0.06334571 -0.06334571   -0.08818803 -0.08818803    0.00934391  0.00934391
  0.01792799 -0.01792799   -0.00934402 -0.00934402   -0.03498526 -0.03498526
    1    4
 -0.00000085 -0.00000085    0.01848097 -0.01848097    0.01069438 -0.01069438
  0.01848099 -0.01848099   -0.00000026 -0.00000026    0.00622798  0.00622798
 -0.01069418  0.01069418    0.00622787  0.00622787    0.00000155  0.00000155
    2    1
  0.02293227  0.00000000    0.00000000  0.00440877    0.00000000 -0.00303989
  0.00000000  0.00440877    0.01277005  0.00000000    0.02311300  0.00000000
  0.00000000 -0.00303989    0.02311300  0.00000000    0.16206439  0.00000000
    2    2
  0.25676263  0.00000000    0.00000000  0.01171963    0.00000000  0.01411344
  0.00000000 -0.01171963    0.22141018  0.00000000    0.02422400  0.00000000
  0.00000000 -0.01411344    0.02422400  0.00000000    0.20567967  0.00000000
    2    3
 -0.00000085 -0.00000085   -0.01848097  0.01848097   -0.01069438  0.01069438
 -0.01848099  0.01848099   -0.00000026 -0.00000026    0.00622798  0.00622798
  0.01069418 -0.01069418    0.00622787  0.00622787    0.00000155  0.00000155
    2    4
 -0.08684718 -0.08684718   -0.06334513  0.06334513    0.01792819 -0.01792819
 -0.06334571  0.06334571   -0.08818803 -0.08818803    0.00934391  0.00934391
 -0.01792799  0.01792799   -0.00934402 -0.00934402   -0.03498526 -0.03498526
    3    1
 -0.08684718  0.08684718    0.06334571  0.06334571    0.01792799  0.01792799
  0.06334513  0.06334513   -0.08818803  0.08818803   -0.00934402  0.00934402
 -0.01792819 -0.01792819    0.00934391 -0.00934391   -0.03498526  0.03498526
    3    2
 -0.00000085  0.00000085   -0.01848099 -0.01848099    0.01069418  0.01069418
 -0.01848097 -0.01848097   -0.00000026  0.00000026    0.00622787 -0.00622787
 -0.01069438 -0.01069438    0.00622798 -0.00622798    0.00000155 -0.00000155
    3    3
  0.25676609  0.00000000    0.00000000  0.01171912    0.00000000 -0.01411286
  0.00000000 -0.01171912    0.22138358  0.00000000   -0.02422523  0.00000000
  0.00000000  0.01411286   -0.02422523  0.00000000    0.20568496  0.00000000
    3    4
 -0.02293304  0.00000000    0.00000000 -0.00440911    0.00000000 -0.00304013
  0.00000000 -0.00440911   -0.01276806  0.00000000    0.02311278  0.00000000
  0.00000000 -0.00304013    0.02311278  0.00000000   -0.16206832  0.00000000
    4    1
 -0.00000085  0.00000085    0.01848099  0.01848099   -0.01069418 -0.01069418
  0.01848097  0.01848097   -0.00000026  0.00000026    0.00622787 -0.00622787
  0.01069438  0.01069438    0.00622798 -0.00622798    0.00000155 -0.00000155
    4    2
 -0.08684718  0.08684718   -0.06334571 -0.06334571   -0.01792799 -0.01792799
 -0.06334513 -0.06334513   -0.08818803  0.08818803   -0.00934402  0.00934402
  0.01792819  0.01792819    0.00934391 -0.00934391   -0.03498526  0.03498526
    4    3
 -0.02293304  0.00000000    0.00000000  0.00440911    0.00000000  0.00304013
  0.00000000  0.00440911   -0.01276806  0.00000000    0.02311278  0.00000000
  0.00000000  0.00304013    0.02311278  0.00000000   -0.16206832  0.00000000
    4    4
  0.25676609  0.00000000    0.00000000 -0.01171912    0.00000000  0.01411286
  0.00000000  0.01171912    0.22138358  0.00000000   -0.02422523  0.00000000
  0.00000000 -0.01411286   -0.02422523  0.00000000    0.20568496  0.00000000

     Diagonalizing the dynamical matrix

     q = (    0.250000000  -0.358172977   0.000000000 ) 

 **************************************************************************
     freq (    1) =       2.795918 [THz] =      93.261793 [cm-1]
 ( -0.001663 -0.001663 -0.206450  0.206450 -0.383740  0.383740 ) 
 ( -0.001663 -0.001663  0.206450 -0.206450  0.383740 -0.383740 ) 
 (  0.000000 -0.200207 -0.263559 -0.000000 -0.103407 -0.000000 ) 
 (  0.000000 -0.200207  0.263559  0.000000  0.103407  0.000000 ) 
     freq (    2) =       2.796071 [THz] =      93.266894 [cm-1]
 (  0.141602  0.141602 -0.186360  0.186360  0.073111 -0.073111 ) 
 ( -0.141602 -0.141602 -0.186360  0.186360  0.073111 -0.073111 ) 
 ( -0.000000  0.002374 -0.292028  0.000000  0.542643  0.000000 ) 
 ( -0.000000 -0.002374 -0.292028 -0.000000  0.542643  0.000000 ) 
     freq (    3) =       4.400127 [THz] =     146.772453 [cm-1]
 ( -0.238549 -0.238549  0.132261 -0.132261  0.025980 -0.025980 ) 
 (  0.238549  0.238549  0.132261 -0.132261  0.025980 -0.025980 ) 
 ( -0.000000 -0.141434  0.391881  0.000000  0.419856 -0.000000 ) 
 ( -0.000000  0.141434  0.391881 -0.000000  0.419856  0.000000 ) 
     freq (    4) =       4.400376 [THz] =     146.780733 [cm-1]
 ( -0.100015 -0.100015 -0.277113  0.277113  0.296836 -0.296836 ) 
 ( -0.100015 -0.100015  0.277113 -0.277113 -0.296836  0.296836 ) 
 ( -0.000000 -0.337391 -0.187102  0.000000  0.036726 -0.000000 ) 
 ( -0.000000 -0.337391  0.187102 -0.000000 -0.036726  0.000000 ) 
     freq (    5) =       7.185075 [THz] =     239.668314 [cm-1]
 ( -0.319540 -0.319540  0.100661 -0.100661 -0.089863  0.089863 ) 
 ( -0.319540 -0.319540 -0.100661  0.100661  0.089863 -0.089863 ) 
 (  0.000000 -0.343874  0.375342  0.000000 -0.015581 -0.000000 ) 
 (  0.000000 -0.343874 -0.375342 -0.000000  0.015581  0.000000 ) 
     freq (    6) =       7.185315 [THz] =     239.676311 [cm-1]
 ( -0.243157 -0.243157 -0.265393  0.265393 -0.011018  0.011018 ) 
 (  0.243157  0.243157 -0.265393  0.265393 -0.011018  0.011018 ) 
 (  0.000000 -0.451906 -0.142389  0.000000 -0.127067 -0.000000 ) 
 (  0.000000  0.451906 -0.142389 -0.000000 -0.127067  0.000000 ) 
     freq (    7) =      11.022621 [THz] =     367.675067 [cm-1]
 (  0.206211  0.206211 -0.157936  0.157936 -0.065969  0.065969 ) 
 (  0.206211  0.206211  0.157936 -0.157936  0.065969 -0.065969 ) 
 ( -0.000000 -0.106871  0.326585  0.000000  0.488143 -0.000000 ) 
 (  0.000000 -0.106871 -0.326585  0.000000 -0.488143  0.000000 ) 
     freq (    8) =      11.022630 [THz] =     367.675351 [cm-1]
 ( -0.075565 -0.075565 -0.230925  0.230925  0.345204 -0.345204 ) 
 (  0.075565  0.075565 -0.230925  0.230925  0.345204 -0.345204 ) 
 (  0.000000  0.291592  0.223305 -0.000000 -0.093298  0.000000 ) 
 ( -0.000000 -0.291592  0.223305 -0.000000 -0.093298  0.000000 ) 
     freq (    9) =      12.365706 [THz] =     412.475569 [cm-1]
 ( -0.246920 -0.246920  0.228011 -0.228011  0.186157 -0.186157 ) 
 (  0.246920  0.246920  0.228011 -0.228011  0.186157 -0.186157 ) 
 ( -0.000000  0.125588 -0.434742 -0.000000  0.000806  0.000000 ) 
 (  0.000000 -0.125588 -0.434742 -0.000000  0.000806  0.000000 ) 
     freq (   10) =      12.365807 [THz] =     412.478922 [cm-1]
 (  0.088783  0.088783  0.307416 -0.307416  0.000557 -0.000557 ) 
 (  0.088783  0.088783 -0.307416  0.307416 -0.000557  0.000557 ) 
 ( -0.000000 -0.349176 -0.322425 -0.000000  0.263333  0.000000 ) 
 (  0.000000 -0.349176  0.322425 -0.000000 -0.263333  0.000000 ) 
     freq (   11) =      13.081375 [THz] =     436.347692 [cm-1]
 (  0.217344  0.217344  0.148419 -0.148419  0.300063 -0.300063 ) 
 ( -0.217344 -0.217344  0.148419 -0.148419  0.300063 -0.300063 ) 
 (  0.000000 -0.418299  0.044809  0.000000 -0.066400 -0.000000 ) 
 ( -0.000000  0.418299  0.044809  0.000000 -0.066400  0.000000 ) 
     freq (   12) =      13.081402 [THz] =     436.348597 [cm-1]
 ( -0.295776 -0.295776 -0.031718  0.031718 -0.046958  0.046958 ) 
 ( -0.295776 -0.295776  0.031718 -0.031718  0.046958 -0.046958 ) 
 ( -0.000000  0.307393 -0.209840 -0.000000  0.424368  0.000000 ) 
 (  0.000000  0.307393  0.209840 -0.000000 -0.424368  0.000000 ) 
 **************************************************************************
