Dynamical matrix file
                                                                           
  1    4  0  6.2464249  0.0000000  0.0000000  0.0000000  0.0000000  0.0000000
Basis vectors
      1.000000000    0.000000000    0.000000000
      0.000000000    1.395973545    0.000000000
      0.000000000    0.000000000    6.711099855
           1  'P   '    28230.8552091869     
    1    1      0.5000000000      1.2725434099      3.0363525217
    2    1      0.5000000000      0.1234301352      3.6747473333
    3    1      1.0000000000      0.8214168301      3.0363525203
    4    1      1.0000000000      0.5745567150      3.6747473347

     Dynamical  Matrix in cartesian axes

     q = (    0.250000000   0.119390992   0.000000000 ) 

    1    1
  0.25336994  0.00000000   -0.00107388  0.01160833   -0.00125382  0.00728312
 -0.00107388 -0.01160833    0.22213562  0.00000000    0.02398823  0.00136497
 -0.00125382 -0.00728312    0.02398823 -0.00136497    0.20022910  0.00000000
    1    2
 -0.01346002 -0.01947972    0.00166310  0.00360503    0.00344748 -0.00722224
  0.00166310  0.00360503   -0.00554129 -0.01162788   -0.01280203 -0.02072989
  0.00344748 -0.00722224   -0.01280203 -0.02072989   -0.07775775 -0.13840113
    1    3
 -0.08613600  0.08587590    0.06298131  0.06311740   -0.01559191 -0.01443066
  0.06298234  0.06311736   -0.09288539  0.08899167    0.01008495 -0.00867795
  0.01559236  0.01443146   -0.01008615  0.00867893   -0.02052816  0.03211972
    1    4
 -0.01212796  0.00324973    0.01496052  0.00287141    0.00269036 -0.01589163
  0.01152083 -0.00996739   -0.01739458  0.00466049   -0.01119038 -0.00194603
 -0.01027662 -0.01241929    0.00871490 -0.00728037    0.01194163 -0.00319958
    2    1
 -0.01346002  0.01947972    0.00166310 -0.00360503    0.00344748  0.00722224
  0.00166310 -0.00360503   -0.00554129  0.01162788   -0.01280203  0.02072989
  0.00344748  0.00722224   -0.01280203  0.02072989   -0.07775775  0.13840113
    2    2
  0.25336994  0.00000000   -0.00107388 -0.01160833   -0.00125382 -0.00728312
 -0.00107388  0.01160833    0.22213562  0.00000000    0.02398823 -0.00136497
 -0.00125382  0.00728312    0.02398823  0.00136497    0.20022910  0.00000000
    2    3
 -0.00324973  0.01212796   -0.00287141 -0.01496052    0.01589163 -0.00269036
  0.00996739 -0.01152083   -0.00466049  0.01739458    0.00194603  0.01119038
  0.01241929  0.01027662    0.00728037 -0.00871490    0.00319958 -0.01194163
    2    4
 -0.08587590  0.08613600   -0.06311740 -0.06298131    0.01443066  0.01559191
 -0.06311736 -0.06298234   -0.08899167  0.09288539    0.00867795 -0.01008495
 -0.01443146 -0.01559236   -0.00867893  0.01008615   -0.03211972  0.02052816
    3    1
 -0.08613600 -0.08587590    0.06298234 -0.06311736    0.01559236 -0.01443146
  0.06298131 -0.06311740   -0.09288539 -0.08899167   -0.01008615 -0.00867893
 -0.01559191  0.01443066    0.01008495  0.00867795   -0.02052816 -0.03211972
    3    2
 -0.00324973 -0.01212796    0.00996739  0.01152083    0.01241929 -0.01027662
 -0.00287141  0.01496052   -0.00466049 -0.01739458    0.00728037  0.00871490
  0.01589163  0.00269036    0.00194603 -0.01119038    0.00319958  0.01194163
    3    3
  0.25337941  0.00000000   -0.00107431 -0.01160778    0.00125318  0.00728246
 -0.00107431  0.01160778    0.22210841  0.00000000   -0.02398917  0.00136407
  0.00125318 -0.00728246   -0.02398917 -0.00136407    0.20023342  0.00000000
    3    4
 -0.02360431 -0.00191806    0.00395261 -0.00036260    0.00453056 -0.00659634
  0.00395261 -0.00036260   -0.01283768  0.00101582    0.02435284  0.00072235
  0.00453056 -0.00659634    0.02435284  0.00072235   -0.15874162  0.00185976
    4    1
 -0.01212796 -0.00324973    0.01152083  0.00996739   -0.01027662  0.01241929
  0.01496052 -0.00287141   -0.01739458 -0.00466049    0.00871490  0.00728037
  0.00269036  0.01589163   -0.01119038  0.00194603    0.01194163  0.00319958
    4    2
 -0.08587590 -0.08613600   -0.06311736  0.06298234   -0.01443146  0.01559236
 -0.06311740  0.06298131   -0.08899167 -0.09288539   -0.00867893 -0.01008615
  0.01443066 -0.01559191    0.00867795  0.01008495   -0.03211972 -0.02052816
    4    3
 -0.02360431  0.00191806    0.00395261  0.00036260    0.00453056  0.00659634
  0.00395261  0.00036260   -0.01283768 -0.00101582    0.02435284 -0.00072235
  0.00453056  0.00659634    0.02435284 -0.00072235   -0.15874162 -0.00185976
    4    4
  0.25337941  0.00000000   -0.00107431  0.01160778    0.00125318 -0.00728246
 -0.00107431 -0.01160778    0.22210841  0.00000000   -0.02398917 -0.00136407
  0.00125318  0.00728246   -0.02398917  0.00136407    0.20023342  0.00000000

     Dynamical  Matrix in cartesian axes

     q = (    0.250000000  -0.119390992   0.000000000 ) 

    1    1
  0.25336994  0.00000000    0.00107388  0.01160833    0.00125382  0.00728312
  0.00107388 -0.01160833    0.22213562  0.00000000    0.02398823 -0.00136497
  0.00125382 -0.00728312    0.02398823  0.00136497    0.20022910  0.00000000
    1    2
 -0.01346002  0.01947972   -0.00166310  0.00360503   -0.00344748 -0.00722224
 -0.00166310  0.00360503   -0.00554129  0.01162788   -0.01280203  0.02072989
 -0.00344748 -0.00722224   -0.01280203  0.02072989   -0.07775775  0.13840113
    1    3
 -0.08587590  0.08613600    0.06311740  0.06298131   -0.01443066 -0.01559191
  0.06311736  0.06298234   -0.08899167  0.09288539    0.00867795 -0.01008495
  0.01443146  0.01559236   -0.00867893  0.01008615   -0.03211972  0.02052816
    1    4
 -0.00324973  0.01212796    0.00287141  0.01496052   -0.01589163  0.00269036
 -0.00996739  0.01152083   -0.00466049  0.01739458    0.00194603  0.01119038
 -0.01241929 -0.01027662    0.00728037 -0.00871490    0.00319958 -0.01194163
    2    1
 -0.01346002 -0.01947972   -0.00166310 -0.00360503   -0.00344748  0.00722224
 -0.00166310 -0.00360503   -0.00554129 -0.01162788   -0.01280203 -0.02072989
 -0.00344748  0.00722224   -0.01280203 -0.02072989   -0.07775775 -0.13840113
    2    2
  0.25336994  0.00000000    0.00107388 -0.01160833    0.00125382 -0.00728312
  0.00107388  0.01160833    0.22213562  0.00000000    0.02398823  0.00136497
  0.00125382  0.00728312    0.02398823 -0.00136497    0.20022910  0.00000000
    2    3
 -0.01212796  0.00324973   -0.01496052 -0.00287141   -0.00269036  0.01589163
 -0.01152083  0.00996739   -0.01739458  0.00466049   -0.01119038 -0.00194603
  0.01027662  0.01241929    0.00871490 -0.00728037    0.01194163 -0.00319958
    2    4
 -0.08613600  0.08587590   -0.06298131 -0.06311740    0.01559191  0.01443066
 -0.06298234 -0.06311736   -0.09288539  0.08899167    0.01008495 -0.00867795
 -0.01559236 -0.01443146   -0.01008615  0.00867893   -0.02052816  0.03211972
    3    1
 -0.08587590 -0.08613600    0.06311736 -0.06298234    0.01443146 -0.01559236
  0.06311740 -0.06298131   -0.08899167 -0.09288539   -0.00867893 -0.01008615
 -0.01443066  0.01559191    0.00867795  0.01008495   -0.03211972 -0.02052816
    3    2
 -0.01212796 -0.00324973   -0.01152083 -0.00996739    0.01027662 -0.01241929
 -0.01496052  0.00287141   -0.01739458 -0.00466049    0.00871490  0.00728037
 -0.00269036 -0.01589163   -0.01119038  0.00194603    0.01194163  0.00319958
    3    3
  0.25337941  0.00000000    0.00107431 -0.01160778   -0.00125318  0.00728246
  0.00107431  0.01160778    0.22210841  0.00000000   -0.02398917 -0.00136407
 -0.00125318 -0.00728246   -0.02398917  0.00136407    0.20023342  0.00000000
    3    4
 -0.02360431  0.00191806   -0.00395261 -0.00036260   -0.00453056 -0.00659634
 -0.00395261 -0.00036260   -0.01283768 -0.00101582    0.02435284 -0.00072235
 -0.00453056 -0.00659634    0.02435284 -0.00072235   -0.15874162 -0.00185976
    4    1
 -0.00324973 -0.01212796   -0.00996739 -0.01152083   -0.01241929  0.01027662
  0.00287141 -0.01496052   -0.00466049 -0.01739458    0.00728037  0.00871490
 -0.01589163 -0.00269036    0.00194603 -0.01119038    0.00319958  0.01194163
    4    2
 -0.08613600 -0.08587590   -0.06298234  0.06311736   -0.01559236  0.01443146
 -0.06298131  0.06311740   -0.09288539 -0.08899167   -0.01008615 -0.00867893
  0.01559191 -0.01443066    0.01008495  0.00867795   -0.02052816 -0.03211972
    4    3
 -0.02360431 -0.00191806   -0.00395261  0.00036260   -0.00453056  0.00659634
 -0.00395261  0.00036260   -0.01283768  0.00101582    0.02435284  0.00072235
 -0.00453056  0.00659634    0.02435284  0.00072235   -0.15874162  0.00185976
    4    4
  0.25337941  0.00000000    0.00107431  0.01160778   -0.00125318 -0.00728246
  0.00107431 -0.01160778    0.22210841  0.00000000   -0.02398917  0.00136407
 -0.00125318  0.00728246   -0.02398917 -0.00136407    0.20023342  0.00000000

     Dynamical  Matrix in cartesian axes

     q = (   -0.250000000  -0.119390992   0.000000000 ) 

    1    1
  0.25336994  0.00000000   -0.00107388 -0.01160833   -0.00125382 -0.00728312
 -0.00107388  0.01160833    0.22213562  0.00000000    0.02398823 -0.00136497
 -0.00125382  0.00728312    0.02398823  0.00136497    0.20022910  0.00000000
    1    2
 -0.01346002  0.01947972    0.00166310 -0.00360503    0.00344748  0.00722224
  0.00166310 -0.00360503   -0.00554129  0.01162788   -0.01280203  0.02072989
  0.00344748  0.00722224   -0.01280203  0.02072989   -0.07775775  0.13840113
    1    3
 -0.08613600 -0.08587590    0.06298131 -0.06311740   -0.01559191  0.01443066
  0.06298234 -0.06311736   -0.09288539 -0.08899167    0.01008495  0.00867795
  0.01559236 -0.01443146   -0.01008615 -0.00867893   -0.02052816 -0.03211972
    1    4
 -0.01212796 -0.00324973    0.01496052 -0.00287141    0.00269036  0.01589163
  0.01152083  0.00996739   -0.01739458 -0.00466049   -0.01119038  0.00194603
 -0.01027662  0.01241929    0.00871490  0.00728037    0.01194163  0.00319958
    2    1
 -0.01346002 -0.01947972    0.00166310  0.00360503    0.00344748 -0.00722224
  0.00166310  0.00360503   -0.00554129 -0.01162788   -0.01280203 -0.02072989
  0.00344748 -0.00722224   -0.01280203 -0.02072989   -0.07775775 -0.13840113
    2    2
  0.25336994  0.00000000   -0.00107388  0.01160833   -0.00125382  0.00728312
 -0.00107388 -0.01160833    0.22213562  0.00000000    0.02398823  0.00136497
 -0.00125382 -0.00728312    0.02398823 -0.00136497    0.20022910  0.00000000
    2    3
 -0.00324973 -0.01212796   -0.00287141  0.01496052    0.01589163  0.00269036
  0.00996739  0.01152083   -0.00466049 -0.01739458    0.00194603 -0.01119038
  0.01241929 -0.01027662    0.00728037  0.00871490    0.00319958  0.01194163
    2    4
 -0.08587590 -0.08613600   -0.06311740  0.06298131    0.01443066 -0.01559191
 -0.06311736  0.06298234   -0.08899167 -0.09288539    0.00867795  0.01008495
 -0.01443146  0.01559236   -0.00867893 -0.01008615   -0.03211972 -0.02052816
    3    1
 -0.08613600  0.08587590    0.06298234  0.06311736    0.01559236  0.01443146
  0.06298131  0.06311740   -0.09288539  0.08899167   -0.01008615  0.00867893
 -0.01559191 -0.01443066    0.01008495 -0.00867795   -0.02052816  0.03211972
    3    2
 -0.00324973  0.01212796    0.00996739 -0.01152083    0.01241929  0.01027662
 -0.00287141 -0.01496052   -0.00466049  0.01739458    0.00728037 -0.00871490
  0.01589163 -0.00269036    0.00194603  0.01119038    0.00319958 -0.01194163
    3    3
  0.25337941  0.00000000   -0.00107431  0.01160778    0.00125318 -0.00728246
 -0.00107431 -0.01160778    0.22210841  0.00000000   -0.02398917 -0.00136407
  0.00125318  0.00728246   -0.02398917  0.00136407    0.20023342  0.00000000
    3    4
 -0.02360431  0.00191806    0.00395261  0.00036260    0.00453056  0.00659634
  0.00395261  0.00036260   -0.01283768 -0.00101582    0.02435284 -0.00072235
  0.00453056  0.00659634    0.02435284 -0.00072235   -0.15874162 -0.00185976
    4    1
 -0.01212796  0.00324973    0.01152083 -0.00996739   -0.01027662 -0.01241929
  0.01496052  0.00287141   -0.01739458  0.00466049    0.00871490 -0.00728037
  0.00269036 -0.01589163   -0.01119038 -0.00194603    0.01194163 -0.00319958
    4    2
 -0.08587590  0.08613600   -0.06311736 -0.06298234   -0.01443146 -0.01559236
 -0.06311740 -0.06298131   -0.08899167  0.09288539   -0.00867893  0.01008615
  0.01443066  0.01559191    0.00867795 -0.01008495   -0.03211972  0.02052816
    4    3
 -0.02360431 -0.00191806    0.00395261 -0.00036260    0.00453056 -0.00659634
  0.00395261 -0.00036260   -0.01283768  0.00101582    0.02435284  0.00072235
  0.00453056 -0.00659634    0.02435284  0.00072235   -0.15874162  0.00185976
    4    4
  0.25337941  0.00000000   -0.00107431 -0.01160778    0.00125318  0.00728246
 -0.00107431  0.01160778    0.22210841  0.00000000   -0.02398917  0.00136407
  0.00125318 -0.00728246   -0.02398917 -0.00136407    0.20023342  0.00000000

     Dynamical  Matrix in cartesian axes

     q = (   -0.250000000   0.119390992   0.000000000 ) 

    1    1
  0.25336994  0.00000000    0.00107388 -0.01160833    0.00125382 -0.00728312
  0.00107388  0.01160833    0.22213562  0.00000000    0.02398823  0.00136497
  0.00125382  0.00728312    0.02398823 -0.00136497    0.20022910  0.00000000
    1    2
 -0.01346002 -0.01947972   -0.00166310 -0.00360503   -0.00344748  0.00722224
 -0.00166310 -0.00360503   -0.00554129 -0.01162788   -0.01280203 -0.02072989
 -0.00344748  0.00722224   -0.01280203 -0.02072989   -0.07775775 -0.13840113
    1    3
 -0.08587590 -0.08613600    0.06311740 -0.06298131   -0.01443066  0.01559191
  0.06311736 -0.06298234   -0.08899167 -0.09288539    0.00867795  0.01008495
  0.01443146 -0.01559236   -0.00867893 -0.01008615   -0.03211972 -0.02052816
    1    4
 -0.00324973 -0.01212796    0.00287141 -0.01496052   -0.01589163 -0.00269036
 -0.00996739 -0.01152083   -0.00466049 -0.01739458    0.00194603 -0.01119038
 -0.01241929  0.01027662    0.00728037  0.00871490    0.00319958  0.01194163
    2    1
 -0.01346002  0.01947972   -0.00166310  0.00360503   -0.00344748 -0.00722224
 -0.00166310  0.00360503   -0.00554129  0.01162788   -0.01280203  0.02072989
 -0.00344748 -0.00722224   -0.01280203  0.02072989   -0.07775775  0.13840113
    2    2
  0.25336994  0.00000000    0.00107388  0.01160833    0.00125382  0.00728312
  0.00107388 -0.01160833    0.22213562  0.00000000    0.02398823 -0.00136497
  0.00125382 -0.00728312    0.02398823  0.00136497    0.20022910  0.00000000
    2    3
 -0.01212796 -0.00324973   -0.01496052  0.00287141   -0.00269036 -0.01589163
 -0.01152083 -0.00996739   -0.01739458 -0.00466049   -0.01119038  0.00194603
  0.01027662 -0.01241929    0.00871490  0.00728037    0.01194163  0.00319958
    2    4
 -0.08613600 -0.08587590   -0.06298131  0.06311740    0.01559191 -0.01443066
 -0.06298234  0.06311736   -0.09288539 -0.08899167    0.01008495  0.00867795
 -0.01559236  0.01443146   -0.01008615 -0.00867893   -0.02052816 -0.03211972
    3    1
 -0.08587590  0.08613600    0.06311736  0.06298234    0.01443146  0.01559236
  0.06311740  0.06298131   -0.08899167  0.09288539   -0.00867893  0.01008615
 -0.01443066 -0.01559191    0.00867795 -0.01008495   -0.03211972  0.02052816
    3    2
 -0.01212796  0.00324973   -0.01152083  0.00996739    0.01027662  0.01241929
 -0.01496052 -0.00287141   -0.01739458  0.00466049    0.00871490 -0.00728037
 -0.00269036  0.01589163   -0.01119038 -0.00194603    0.01194163 -0.00319958
    3    3
  0.25337941  0.00000000    0.00107431  0.01160778   -0.00125318 -0.00728246
  0.00107431 -0.01160778    0.22210841  0.00000000   -0.02398917  0.00136407
 -0.00125318  0.00728246   -0.02398917 -0.00136407    0.20023342  0.00000000
    3    4
 -0.02360431 -0.00191806   -0.00395261  0.00036260   -0.00453056  0.00659634
 -0.00395261  0.00036260   -0.01283768  0.00101582    0.02435284  0.00072235
 -0.00453056  0.00659634    0.02435284  0.00072235   -0.15874162  0.00185976
    4    1
 -0.00324973  0.01212796   -0.00996739  0.01152083   -0.01241929 -0.01027662
  0.00287141  0.01496052   -0.00466049  0.01739458    0.00728037 -0.00871490
 -0.01589163  0.00269036    0.00194603  0.01119038    0.00319958 -0.01194163
    4    2
 -0.08613600  0.08587590   -0.06298234 -0.06311736   -0.01559236 -0.01443146
 -0.06298131 -0.06311740   -0.09288539  0.08899167   -0.01008615  0.00867893
  0.01559191  0.01443066    0.01008495 -0.00867795   -0.02052816  0.03211972
    4    3
 -0.02360431  0.00191806   -0.00395261 -0.00036260   -0.00453056 -0.00659634
 -0.00395261 -0.00036260   -0.01283768 -0.00101582    0.02435284 -0.00072235
 -0.00453056 -0.00659634    0.02435284 -0.00072235   -0.15874162 -0.00185976
    4    4
  0.25337941  0.00000000    0.00107431 -0.01160778   -0.00125318  0.00728246
  0.00107431  0.01160778    0.22210841  0.00000000   -0.02398917 -0.00136407
 -0.00125318 -0.00728246   -0.02398917  0.00136407    0.20023342  0.00000000

     Diagonalizing the dynamical matrix

     q = (    0.250000000   0.119390992   0.000000000 ) 

 **************************************************************************
     freq (    1) =       2.213437 [THz] =      73.832328 [cm-1]
 ( -0.082860 -0.109772 -0.063992 -0.068371 -0.455484  0.122022 ) 
 (  0.094982  0.099469  0.057163  0.074175 -0.193838  0.429863 ) 
 (  0.071555 -0.117552  0.056627 -0.074491 -0.465287 -0.075984 ) 
 (  0.051673  0.127547  0.043881  0.082644 -0.471450  0.000000 ) 
     freq (    2) =       2.740591 [THz] =      91.416271 [cm-1]
 ( -0.182431 -0.045079  0.362097 -0.239139  0.156781 -0.041953 ) 
 (  0.092891  0.163353  0.131910 -0.413402 -0.002164 -0.162283 ) 
 ( -0.133707  0.131901  0.433520  0.020355 -0.156430  0.044102 ) 
 ( -0.164482 -0.090670  0.411732 -0.137228 -0.162528  0.000000 ) 
     freq (    3) =       4.185420 [THz] =     139.610595 [cm-1]
 ( -0.189888  0.151788  0.124253  0.020176 -0.404124  0.108275 ) 
 ( -0.085561  0.227544 -0.057643 -0.111907  0.022124  0.417792 ) 
 ( -0.241914 -0.023760  0.093186 -0.084699  0.397871 -0.129506 ) 
 ( -0.222681  0.097469  0.114825  0.051697  0.418418  0.000000 ) 
     freq (    4) =       5.770101 [THz] =     192.469860 [cm-1]
 ( -0.191581 -0.002809 -0.312427 -0.313080  0.128444 -0.034477 ) 
 (  0.057272  0.182842  0.389112  0.210288 -0.003544 -0.132944 ) 
 (  0.161518 -0.102704  0.102221 -0.430420  0.127261 -0.037822 ) 
 (  0.184084  0.052434  0.220606  0.383463  0.132762  0.000000 ) 
     freq (    5) =       5.930650 [THz] =     197.825175 [cm-1]
 (  0.351855 -0.176982  0.130810 -0.167226 -0.215452  0.057765 ) 
 (  0.258788 -0.296905  0.194464 -0.085202 -0.109442  0.194368 ) 
 (  0.353943  0.173012  0.132840  0.165489  0.216177  0.055399 ) 
 (  0.385813 -0.079732  0.169764 -0.127332  0.223163  0.000000 ) 
     freq (    6) =       7.572549 [THz] =     252.593032 [cm-1]
 ( -0.185024 -0.391961 -0.064426  0.218134  0.098546 -0.026411 ) 
 (  0.394118  0.180385 -0.217358  0.066996  0.025246 -0.098851 ) 
 (  0.072178 -0.427391  0.120904  0.192601  0.101999 -0.001204 ) 
 (  0.077217  0.426509  0.118623 -0.194014  0.102006  0.000000 ) 
     freq (    7) =      10.262221 [THz] =     342.310838 [cm-1]
 ( -0.135502 -0.053429  0.216760 -0.149587 -0.385694  0.103353 ) 
 ( -0.084169 -0.118875 -0.093648  0.246153  0.008504 -0.399211 ) 
 (  0.093036 -0.112035 -0.261976 -0.026747 -0.387790  0.095112 ) 
 ( -0.117046 -0.086649  0.248064 -0.088381  0.399283  0.000000 ) 
     freq (    8) =      11.797558 [THz] =     393.524164 [cm-1]
 ( -0.196989 -0.243920 -0.166816 -0.170444  0.297469 -0.079695 ) 
 ( -0.197400 -0.243587 -0.131846 -0.198735 -0.140064  0.274265 ) 
 ( -0.184158  0.253718 -0.157908  0.178765 -0.301109 -0.064305 ) 
 (  0.127108  0.286584  0.117091  0.207802  0.307899  0.000000 ) 
     freq (    9) =      12.321331 [THz] =     410.995357 [cm-1]
 (  0.008630 -0.254417  0.181611  0.371070  0.116539 -0.031260 ) 
 ( -0.249916  0.048420  0.394959  0.121174 -0.012598  0.119999 ) 
 (  0.111150  0.228755  0.014531 -0.412978 -0.118999  0.018895 ) 
 ( -0.073902  0.243355 -0.079114 -0.405590  0.120490  0.000000 ) 
     freq (   10) =      12.468749 [THz] =     415.912696 [cm-1]
 ( -0.158665  0.170271 -0.309310  0.216254 -0.223133  0.059801 ) 
 (  0.184981 -0.141241  0.245486 -0.286662  0.081351 -0.216209 ) 
 (  0.184371  0.142372  0.340441  0.162570 -0.230058 -0.022623 ) 
 ( -0.197419  0.123645 -0.354716  0.128473  0.231168  0.000000 ) 
     freq (   11) =      12.814788 [THz] =     427.455311 [cm-1]
 (  0.328194 -0.259628 -0.197329 -0.001610 -0.182466  0.048387 ) 
 ( -0.084420  0.409867 -0.090127 -0.175551 -0.038786 -0.184746 ) 
 ( -0.417598  0.023136  0.146782 -0.132552 -0.170121  0.085593 ) 
 (  0.383441 -0.167022 -0.190697 -0.052438  0.190440  0.000000 ) 
     freq (   12) =      12.825635 [THz] =     427.817124 [cm-1]
 (  0.172191  0.252423  0.127137 -0.013623  0.362218 -0.096807 ) 
 (  0.235043  0.195249 -0.025563  0.125284 -0.130565  0.351463 ) 
 (  0.129639 -0.277149  0.126795 -0.007338 -0.372443 -0.035313 ) 
 ( -0.102900 -0.288148 -0.125537 -0.019274  0.374113  0.000000 ) 
 **************************************************************************
